500
11 3
327 355
314 180
428 417
349 438
319 16
322 365
430 4
116 384
95 469
476 16
96 444
330 323
282 380
179 365
416 151
361 34
422 417
122 440
206 264
169 381
237 420
167 47
118 421
442 149
474 112
135 359
230 221
178 391
39 464
326 105
198 24
33 419
455 240
120 50
406 134
124 32
186 424
6 157
213 438
66 46
412 335
149 216
205 426
313 469
223 401
160 153
341 345
158 417
131 414
292 149
28 359
175 409
410 271
189 322
338 472
424 324
267 93
31 436
426 374
449 350
226 82
356 131
2 299
413 436
343 456
360 74
260 482
214 91
227 352
402 41
289 317
102 198
454 199
270 382
7 135
301 229
471 80
381 349
448 292
229 313
127 323
346 306
157 348
456 342
166 274
271 149
485 241
211 34
302 374
263 110
62 410
187 448
433 11
286 281
300 353
418 475
473 127
191 135
174 454
104 314
494 131
85 306
437 330
241 324
143 425
382 419
27 443
239 32
110 101
183 401
105 196
374 155
244 45
383 254
499 197
181 350
285 27
87 440
407 192
210 190
34 355
18 324
45 313
37 108
144 18
280 263
132 213
224 228
228 238
377 183
432 448
195 76
331 13
324 323
332 496
491 346
51 130
336 127
21 155
54 289
446 442
345 384
60 425
353 155
264 238
250 380
340 140
117 278
217 337
451 414
272 440
80 125
52 15
414 398
36 370
171 118
488 161
22 250
398 83
363 238
41 216
400 4
337 324
197 417
482 49
242 278
420 50
379 455
139 489
483 62
492 289
357 208
141 430
70 384
269 438
40 498
431 192
463 313
203 18
65 465
268 310
5 129
317 243
470 24
59 229
296 292
334 49
146 213
147 369
246 467
238 335
32 31
61 348
266 428
287 413
365 80
308 17
177 74
347 455
159 83
344 479
477 6
342 441
481 409
498 359
447 309
421 292
445 86
404 345
232 122
9 100
387 114
273 216
460 214
453 456
88 330
138 232
92 323
72 41
112 140
320 118
265 211
291 155
284 125
391 444
304 293
170 292
13 383
325 369
436 149
468 371
411 293
154 363
389 490
219 151
125 135
236 157
68 319
196 293
311 448
278 208
121 80
218 281
312 363
215 180
231 412
401 149
123 228
297 273
234 116
386 425
207 236
496 149
126 495
233 359
48 393
405 66
372 71
254 16
161 439
43 123
348 436
435 319
318 421
472 365
151 432
417 271
156 98
393 434
100 245
333 309
64 129
74 271
295 4
497 192
173 380
58 229
350 417
10 479
362 246
137 251
194 249
115 240
86 267
91 369
251 154
16 238
78 409
130 46
163 101
165 330
155 419
46 135
252 434
208 428
29 317
77 17
129 127
309 349
19 359
26 288
478 254
321 274
98 496
493 495
425 108
328 157
307 265
81 225
409 448
63 444
364 248
75 140
240 153
142 301
107 424
248 345
366 448
371 186
384 269
440 4
245 294
3 487
258 67
71 237
119 47
458 43
164 432
316 254
438 417
257 173
486 107
113 432
358 269
24 474
408 123
359 417
76 184
466 306
293 359
193 330
355 37
277 409
188 496
388 187
221 293
423 302
101 269
367 29
114 163
134 163
8 146
441 153
443 269
489 307
354 74
140 438
90 425
274 181
30 347
190 151
439 7
201 493
168 275
255 140
281 160
133 93
79 118
370 132
375 207
25 419
306 413
182 428
23 438
256 358
323 216
14 346
152 401
53 496
459 345
464 90
202 238
109 181
335 271
403 135
225 140
150 495
38 397
450 386
192 452
329 417
253 350
84 411
368 417
397 28
290 329
145 265
17 90
172 126
262 316
487 294
185 239
4 401
235 316
42 448
467 228
176 42
490 192
480 495
462 361
303 44
99 138
339 317
89 436
484 149
452 359
136 163
222 310
49 23
444 88
1 4
479 386
310 158
392 154
283 354
249 131
128 499
275 50
352 2
94 314
434 324
288 88
103 405
47 413
299 191
457 86
261 359
294 109
199 398
305 464
465 345
279 495
57 43
373 405
184 348
55 265
380 437
399 74
209 76
108 323
259 274
20 108
243 269
180 485
35 254
97 37
390 278
276 58
93 187
469 243
69 259
247 57
394 451
148 272
50 213
12 467
500 297
315 27
376 211
162 112
15 37
106 70
475 323
429 191
419 436
204 127
461 408
83 108
298 339
67 422
415 34
200 393
396 269
73 153
56 33
153 419
220 140
44 466
385 200
82 430
212 54
369 302
427 62
378 452
111 425
351 475
495 184
395 110
